000
0.001308
000
0.001508
000
0.000217
000
0.001318
000
0.001317
000
0.001508
000
0.001498
000
0.001306
000
0.001334
000
0.002009
000
0.001350
000
0.001346
000
0.000207
000
0.001546
000
0.001298
000
0.001448
000
0.001301
000
0.001440
000
0.001442
000
0.001269
000
0.001386
000
0.001398
000
0.001498
000
0.001319
000
0.001285
000
0.001496
000
0.001429
000
0.001439
000
0.001749
000
0.001528
000
0.001291
000
0.001345
000
0.001481
000
0.001532
000
0.001306
000
0.001372
000
0.001310
000
0.003399
000
0.001296
000
0.001469
000
0.001367
000
0.001542
000
0.001307
000
0.001316
000
0.000255
000
0.001366
000
0.001288
000
0.001478
000
0.001289
000
0.001508
000
0.000216
000
0.001601
000
0.001536
000
0.001390
000
0.001491
000
0.001338
000
0.001367
000
0.000218
000
0.001551
000
0.002602
000
0.001623
000
0.001422
000
0.001659
000
0.001789
000
0.001431
000
0.000292
000
0.001286
000
0.001935
000
0.001613
000
0.001289
000
0.001307
000
0.001283
000
0.001418
000
0.000215
000
0.000238
000
0.001487
000
0.001298
000
0.001320
000
0.001352
000
0.001368
000
0.001444
000
0.001558
000
0.001591
000
0.003884
000
0.003079
000
0.002742
000
0.001469
000
0.002527
000
0.001357
000
0.001387
000
0.001515
000
0.001449
000
0.001506
000
0.001468
000
0.001397
000
0.001680
000
0.001344
000
0.001656
000
0.001547
000
0.001324
000
0.002919
000
0.000313
000
0.002557
000
0.001591
000
0.002676
000
0.001453
000
0.001601
000
0.002721
000
0.001476
000
0.000277
000
0.001401
000
0.001419
000
0.000204
000
0.001319
000
0.000222
000
0.001377
000
0.000232
000
0.001417
000
0.000216
000
0.000205
000
0.001487
000
0.001659
000
0.001366
000
0.001407
000
0.001309
000
0.001324
000
0.000221
000
0.001291
000
0.001324
000
0.000219
000
0.000223
000
0.001531
000
0.001496
000
0.001385
000
0.000220
000
0.001580
000
0.001313
000
0.001454
000
0.001417
000
0.001308
000
0.001714
000
0.000215
000
0.000207
000
0.001314
000
0.001436
000
0.001447
000
0.001672
000
0.001329
000
0.001283
000
0.001289
000
0.001558
000
0.001614
000
0.001378
000
0.001446
000
0.001460
000
0.001372
000
0.001281
000
0.001297
000
0.001333
000
0.001929
000
0.001427
000
0.001299
000
0.001293
000
0.000225
000
0.001391
000
0.000243
000
0.001312
000
0.001553
000
0.005302
000
0.001920
000
0.001583
000
0.001347
000
0.001386
000
0.001509
000
0.001379
000
0.001462
000
0.001347
000
0.001547
000
0.000204
000
0.001444
000
0.000270
000
0.001478
000
0.000224
000
0.001321
000
0.000221
000
0.000215
000
0.000209
000
0.001319
000
0.001314
000
0.001409
000
0.001389
000
0.001532
000
0.001416
000
0.000195
000
0.001268
000
0.001506
000
0.001320
000
0.001522
000
0.001819
000
0.001355
000
0.001471
000
0.001513
000
0.001503
000
0.002277
000
0.002090
000
0.001341
000
0.001426
000
0.000208
000
0.000224
000
0.001360
000
0.000221
000
0.001524
000
0.001922
000
0.001426
000
0.001322
000
0.001344
000
0.001419
000
0.001349
000
0.000225
000
0.002086
000
0.001316
000
0.001588
000
0.001700
000
0.001550
000
0.001386
000
0.001667
000
0.001571
000
0.001349
000
0.001288
000
0.001278
000
0.001308
000
0.001306
000
0.001345
000
0.001362
000
0.001294
000
0.001360
000
0.001434
000
0.001311
000
0.000231
000
0.000199
000
0.001274
000
0.001442
000
0.001288
000
0.000221
000
0.000255
000
0.001375
000
0.000228
000
0.001293
000
0.001529
000
0.001537
000
0.000213
000
0.001567
000
0.001288
000
0.001334
000
0.001439
000
0.001299
000
0.001446
000
0.001444
000
0.001316
000
0.001490
000
0.002522
000
0.000376
000
0.000207
000
0.001434
000
0.000240
000
0.001348
000
0.001415
000
0.001436
000
0.001436
000
0.001307
000
0.001483
000
0.001440
000
0.001338
000
0.001522
000
0.001406
000
0.000215
000
0.001527
000
0.001467
000
0.001426
000
0.001404
000
0.000214
000
0.001297
000
0.000217
000
0.001414
000
0.001427
000
0.001314
000
0.001411
000
0.000206
000
0.000211
000
0.000214
000
0.001442
000
0.001324
000
0.000207
000
0.001307
000
0.001531
000
0.002570
000
0.000202
000
0.000192
000
0.000244
000
0.001369
000
0.001498
000
0.001349
000
0.000196
000
0.001477
000
0.001578
000
0.001342
000
0.001338
000
0.001637
000
0.001311
000
0.001356
000
0.001304
000
0.000196
000
0.000202
000
0.000218
000
0.000220
000
0.001318
000
0.001478
000
0.001322
000
0.000211
000
0.001326
000
0.001307
000
0.001361
000
0.000265
000
0.000223
000
0.000207
000
0.001460
000
0.001311
000
0.001320
000
0.000213
000
0.001333
000
0.001314
000
0.002487
000
0.001440
000
0.001445
000
0.001450
000
0.000234
000
0.001314
000
0.002766
000
0.001411
000
0.001427
000
0.000223
000
0.002390
000
0.001628
000
0.001577
000
0.001443
000
0.001722
000
0.001437
000
0.001416
000
0.000223
000
0.001684
000
0.001659
000
0.001279
000
0.001672
000
0.004208
000
0.000242
000
0.001627
000
0.001426
000
0.001433
000
0.001782
000
0.001634
000
0.001758
000
0.001356
000
0.001319
000
0.001523
000
0.005336
000
0.001419
000
0.001286
000
0.001809
000
0.001470
000
0.001521
000
0.002795
000
0.001485
000
0.000188
000
0.000217
000
0.001343
000
0.001440
000
0.001303
000
0.000200
000
0.001424
000
0.001319
000
0.001306
000
0.001659
000
0.001409
000
0.001308
000
0.001544
000
0.001289
000
0.001485
000
0.001488
000
0.001297
000
0.001286
000
0.000195
000
0.000215
000
0.001290
000
0.001411
000
0.000189
000
0.000190
000
0.001450
000
0.001282
000
0.000203
000
0.001291
000
0.000191
000
0.001297
000
0.000194
000
0.001299
000
0.001462
000
0.001418
000
0.001339
000
0.001306
000
0.001288
000
0.001408
000
0.000212
000
0.001704
000
0.001346
000
0.001485
000
0.001450
000
0.001387
000
0.001335
000
0.001304
000
0.001460
000
0.001421
000
0.000219
000
0.001467
000
0.001323
000
0.000217
000
0.000203
000
0.001696
000
0.000199
000
0.001414
000
0.000215
000
0.001288
000
0.000207
000
0.001494
000
0.001561
000
0.000203
000
0.001599
000
0.000239
000
0.002586
000
0.001518
000
0.001491
000
0.001426
000
0.001444
000
0.001603
000
0.003345
000
0.001515
000
0.001506
000
0.001505
000
0.001320
000
0.001428
000
0.001279
000
0.001287
000
0.001668
000
0.001373
000
0.001758
000
0.001496
000
0.001320
000
0.001420
000
0.001494
000
0.000204
000
0.001345
000
0.001315
000
0.001314
000
0.001310
000
0.001473
000
0.001341
000
0.000210
000
0.010298
000
0.001379
000
0.001346
000
0.001467
000
0.001364
000
0.001395
000
0.000230
000
0.001312
000
0.001507
000
0.001378
000
0.001544
000
0.001313
000
0.001332
000
0.001304
000
0.001456
000
0.001452
000
0.001361
000
0.001948
000
0.001283
000
0.001440
000
0.001741
000
0.001427
000
0.001407
000
0.001410
000
0.001720
000
0.001432
000
0.001425
000
0.000202
000
0.001317
000
0.001281
000
0.001492
000
0.000222
000
0.001727
000
0.001519
000
0.001323
000
0.000238
000
0.000205
000
0.001429
000
0.001441
000
0.001416
000
0.000189
000
0.001277
000
0.000200
000
0.001272
000
0.001298
000
0.001437
000
0.000221
000
0.001305
000
0.000213
000
0.000192
000
0.001299
000
0.001307
000
0.001278
000
0.001517
000
0.000213
000
0.001656
000
0.001305
000
0.001434
000
0.001290
000
0.001489
000
0.001459
000
0.001701
000
0.002624
000
0.001460
000
0.000212
000
0.001334
000
0.001301
000
0.000223
000
0.001298
000
0.000214
000
0.000206
000
0.001410
000
0.000217
000
0.001521
000
0.001453
000
0.001402
000
0.000314
000
0.001438
000
0.001285
000
0.001456
000
0.001475
000
0.000230
000
0.001673
000
0.001319
000
0.001316
000
0.001856
000
0.001352
000
0.001291
000
0.001288
000
0.001300
000
0.001380
000
0.001477
000
0.002939
000
0.001336
000
0.001283
000
0.001294
000
0.001893
000
0.001941
000
0.001317
000
0.001472
000
0.001554
000
0.001440
000
0.001287
000
0.001482
000
0.000206
000
0.001309
000
0.001304
000
0.001438
000
0.001360
000
0.001410
000
0.001699
000
0.001603
000
0.001295
000
0.001691
000
0.001288
000
0.001331
000
0.000216
000
0.001422
000
0.000215
000
0.002667
000
0.001579
000
0.001426
000
0.001403
000
0.001432
000
0.001552
000
0.001549
000
0.001298
000
0.001329
000
0.001421
000
0.000215
000
0.001725
000
0.001501
000
0.001302
000
0.001556
000
0.001511
000
0.001302
000
0.001294
000
0.001463
000
0.001280
000
0.000216
000
0.001685
000
0.001337
000
0.001407
000
0.001579
000
0.001331
000
0.001508
000
0.001274
000
0.003003
000
0.001761
000
0.001341
000
0.001415
000
0.001664
000
0.000229
000
0.001480
000
0.001455
000
0.001715
000
0.001310
000
0.001493
000
0.000237
000
0.000200
000
0.001285
000
0.001293
000
0.000473
000
0.000232
000
0.001303
000
0.001334
000
0.001399
000
0.001294
000
0.000197
000
0.001279
000
0.001443
000
0.000213
000
0.001453
000
0.001422
000
0.001368
000
0.001433
000
0.001479
000
0.000215
000
0.000214
000
0.001488
000
0.001300
000
0.001270
000
0.001444
000
0.001299
000
0.001408
000
0.001308
000
0.000219
000
0.000237
000
0.001364
000
0.001277
000
0.001303
000
0.000199
000
0.001327
000
0.001471
000
0.001305
000
0.002512
000
0.001292
000
0.001481
000
0.000218
000
0.001306
000
0.000203
000
0.000205
000
0.001416
000
0.000225
000
0.001429
000
0.001322
000
0.001309
000
0.001335
000
0.001504
000
0.001475
000
0.001676
000
0.000206
000
0.002546
000
0.001414
000
0.001436
000
0.001436
000
0.001464
000
0.001615
000
0.001400
000
0.001743
000
0.001436
000
0.000201
000
0.001538
000
0.001698
000
0.001424
000
0.001412
000
0.001610
000
0.000222
000
0.001335
000
0.001445
000
0.001279
000
0.001330
000
0.001414
000
0.001440
000
0.001446
000
0.001355
000
0.001335
000
0.001282
000
0.000230
000
0.002693
000
0.001295
000
0.001289
000
0.001514
000
0.001543
000
0.000217
000
0.001676
000
0.000215
000
0.001436
000
0.000228
000
0.001447
000
0.001557
000
0.000217
000
0.002923
000
0.001678
000
0.001685
000
0.001676
000
0.001344
000
0.000213
000
0.001436
000
0.001745
000
0.001435
000
0.001279
000
0.001471
000
0.001666
000
0.001274
000
0.001417
000
0.001717
000
0.000221
000
0.001398
000
0.001386
000
0.000255
000
0.001437
000
0.001568
000
0.001355
000
0.001292
000
0.001289
000
0.001874
000
0.001319
000
0.001293
000
0.001440
000
0.001423
000
0.002651
000
0.001280
000
0.001447
000
0.001313
000
0.001290
000
0.001440
000
0.000208
000
0.000215
000
0.002389
000
0.001440
000
0.001415
000
0.001342
000
0.001309
000
0.001444
000
0.000196
000
0.001271
000
0.001699
000
0.001479
000
0.001298
000
0.001359
000
0.001415
000
0.001890
000
0.000198
000
0.000203
000
0.001517
000
0.001293
000
0.000211
000
0.001340
000
0.000220
000
0.001354
000
0.000235
000
0.000231
000
0.000219
000
0.000195
000
0.000211
000
0.001477
000
0.001679
000
0.001419
000
0.001498
000
0.001335
000
0.001490
000
0.001312
000
0.001446
000
0.001433
000
0.001276
000
0.001292
000
0.001446
000
0.001433
000
0.001779
000
0.001281
000
0.001293
000
0.001316
000
0.001307
000
0.001474
000
0.000205
000
0.001418
000
0.001527
000
0.000193
000
0.001473
000
0.001507
000
0.002841
000
0.001281
000
0.001286
000
0.001384
000
0.000316
000
0.001488
000
0.001693
000
0.001904
000
0.001408
000
0.001310
000
0.001285
000
0.001305
000
0.001484
000
0.001289
000
0.001456
000
0.001696
000
0.001717
000
0.000227
000
0.001640
000
0.001381
000
0.001459
000
0.001342
000
0.001323
000
0.001873
000
0.001417
000
0.001330
000
0.000217
000
0.001274
000
0.000198
000
0.001570
000
0.001358
000
0.000208
000
0.001295
000
0.001280
000
0.000208
000
0.000238
000
0.001682
000
0.000203
000
0.002682
000
0.001454
000
0.001421
000
0.001331
000
0.001456
000
0.001401
000
0.001406
000
0.001325
000
0.000214
000
0.001356
000
0.001419
000
0.000208
000
0.001453
000
0.001285
000
0.001284
000
0.001554
000
0.001296
000
0.001416
000
0.001428
000
0.001411
000
0.001326
000
0.003088
000
0.002620
000
0.001435
000
0.001684
000
0.001416
000
0.001312
000
0.001341
000
0.000217
000
0.001414
000
0.002425
000
0.001351
000
0.001439
000
0.001426
000
0.001339
000
0.001292
000
0.001318
000
0.001718
000
0.000234
000
0.000211
000
0.001302
000
0.001304
000
0.001351
000
0.001452
000
0.001651
000
0.001505
000
0.001299
000
0.001676
000
0.001821
000
0.001326
000
0.000193
000
0.000196
000
0.001291
000
0.000200
000
0.001324
000
0.001334
000
0.001412
000
0.000196
000
0.000213
000
0.001362
000
0.000197
000
0.000197
000
0.000321
000
0.002643
000
0.001284
000
0.001420
000
0.001475
000
0.001479
000
0.001420
000
0.001605
000
0.001428
000
0.001473
000
0.001350
000
0.001369
000
0.001406
000
0.001297
000
0.001306
000
0.001494
000
0.001432
000
0.001537
000
0.001717
000
0.001449
000
0.001691
000
0.001410
000
0.000205
000
0.001279
000
0.000216
000
0.001281
000
0.000226
000
0.001484
000
0.001453
000
0.001422
000
0.002046
000
0.000195
000
0.001308
000
0.001432
000
0.001464
000
0.001306
000
0.001549
000
0.001439
000
0.002930
000
0.001308
000
0.001313
000
0.001591
000
0.001723
000
0.001440
000
0.001701
000
0.001555
000
0.001287
000
0.001464
000
0.001309
000
0.000257
000
0.001296
000
0.000278
000
0.001496
000
0.002739
000
0.001516
000
0.001564
000
0.001315
000
0.000219
000
0.001892
000
0.001422
000
0.001355
000
0.001557
000
0.001636
000
0.001333
000
0.000223
000
0.001506
000
0.000201
000
0.001756
000
0.001454
000
0.000275
000
0.001436
000
0.001429
000
0.001341
000
0.001433
000
0.001355
000
0.001435
000
0.001650
000
0.001305
000
0.001295
000
0.001720
000
0.001462
000
0.001402
000
0.001435
000
0.001437
000
0.001305
000
0.001596
000
0.001926
000
0.001293
000
0.001917
000
0.001477
000
0.000206
000
0.001425
000
0.000203
000
0.001420
000
0.001498
000
0.003540
000
0.002832
000
0.001285
000
0.001684
000
0.001337
000
0.000217
000
0.000217
000
0.001462
000
0.001628
000
0.001700
000
0.001281
000
0.001904
000
0.001409
000
0.001449
000
0.001309
000
0.001388
000
0.001611
000
0.000209
000
0.001681
000
0.001548
000
0.001302
000
0.001570
000
0.001453
000
0.001304
000
0.001398
000
0.001316
000
0.001290
000
0.001575
000
0.001447
000
0.001302
000
0.001409
000
0.001305
000
0.000217
000
0.001716
000
0.001720
000
0.001284
000
0.001824
000
0.000212
000
0.000216
000
0.001363
000
0.001316
000
0.001766
000
0.001519
000
0.001362
000
0.001357
000
0.000357
000
0.001538
000
0.001313
000
0.000217
000
0.002217
000
0.001287
000
0.001401
000
0.001318
000
0.001306
000
0.001296
000
0.001285
000
0.001290
000
0.001327
000
0.001412
000
0.001331
000
0.001977
000
0.001283
000
0.001340
000
0.000217
000
0.001425
000
0.001295
000
0.001323
000
0.000217
000
0.000214
000
0.001289
000
0.001305
000
0.001313
000
0.000216
000
0.001284
000
0.001302
000
0.001323
000
0.001291
000
0.001326
000
0.000228
000
0.001447
000
0.000229
000
0.000192
000
0.001332
000
0.001475
000
0.001305
000
0.000226
000
0.000197
000
0.001948
000
0.001329
000
0.001296
000
0.001360
000
0.001446
000
0.001817
000
0.001434
000
0.000254
000
0.001447
000
0.001784
000
0.002035
000
0.001363
000
0.001683
000
0.001445
000
0.001650
000
0.001455
000
0.001586
000
0.001447
000
0.001293
000
0.001722
000
0.001281
000
0.001472
000
0.001278
000
0.001787
000
0.001534
000
0.001316
000
0.001719
000
0.001291
000
0.001373
000
0.000218
000
0.001455
000
0.001444
000
0.001280
000
0.001572
000
0.001296
000
0.001592
000
0.000219
000
0.001448
000
0.001402
000
0.001438
000
0.001301
000
0.001462
000
0.001299
000
0.001421
000
0.001472
000
0.001359
000
0.001290
000
0.001453
000
0.001404
000
0.001514
000
0.001352
000
0.001480
000
0.001652
000
0.000205
000
0.001292
000
0.001744
000
0.001355
000
0.000213
000
0.000226
000
0.001330
000
0.000216
000
0.001303
000
0.000218
000
0.001408
000
0.001398
000
0.001305
000
0.001716
000
0.001301
000
0.000218
000
0.001347
000
0.000204
000
0.000202
000
0.000198
000
0.000327
000
0.001458
000
0.000232
000
0.000219
000
0.001331
000
0.002390
000
0.001574
000
0.001479
000
0.001576
000
0.000187
000
0.001517
000
0.001413
000
0.001278
000
0.001326
000
0.001416
000
0.000222
000
0.001528
000
0.001761
000
0.001424
000
0.001294
000
0.001897
000
0.001314
000
0.001667
000
0.001696
000
0.001404
000
0.000198
000
0.001537
000
0.000193
000
0.000207
000
0.001358
000
0.000217
000
0.001410
000
0.001480
000
0.001340
000
0.000229
000
0.001285
000
0.001383
000
0.001662
000
0.001284
000
0.001439
000
0.001409
000
0.001446
000
0.001328
000
0.000213
000
0.001323
000
0.001406
000
0.000210
000
0.001482
000
0.001444
000
0.001422
000
0.001437
000
0.001280
000
0.001430
000
0.001716
000
0.000229
000
0.001460
000
0.001415
000
0.001464
000
0.000221
000
0.001287
000
0.001420
000
0.001427
000
0.001446
000
0.001375
000
0.001534
000
0.001336
000
0.001640
000
0.001383
000
0.001301
000
0.001276
000
0.001397
000
0.001487
000
0.001519
000
0.001403
000
0.001735
000
0.000202
000
0.001301
000
0.001300
000
0.001324
000
0.001427
000
0.001286
000
0.001485
000
0.001354
000
0.001351
000
0.001271
000
0.001347
000
0.000219
000
0.001275
000
0.000214
000
0.001507
000
0.001313
000
0.001446
000
0.001328
000
0.001570
000
0.001279
000
0.001293
000
0.001327
000
0.001381
000
0.001498
000
0.001434
000
0.001306
000
0.001298
000
0.001428
000
0.001430
000
0.001447
000
0.001425
000
0.001692
000
0.001510
000
0.001471
000
0.000205
000
0.001282
000
0.001336
000
0.001432
000
0.001806
000
0.001468
000
0.001428
000
0.001416
000
0.001484
000
0.001401
000
0.001307
000
0.001341
000
0.001363
000
0.003635
000
0.000235
000
0.001413
000
0.001278
000
0.001480
000
0.002468
000
0.000202
000
0.001486
000
0.000233
000
0.001395
000
0.001318
000
0.001316
000
0.001404
000
0.001338
000
0.000199
000
0.001490
000
0.001411
000
0.001312
000
0.001429
000
0.001560
000
0.001439
000
0.001484
000
0.001485
000
0.001416
000
0.001424
000
0.000193
000
0.001461
000
0.001424
000
0.001263
000
0.001304
000
0.001409
000
0.001783
000
0.000254
000
0.001341
000
0.001597
000
0.001427
000
0.001285
000
0.000212
000
0.001286
000
0.001313
000
0.001327
000
0.001530
000
0.001504
000
0.000216
000
0.001434
000
0.001426
000
0.001434
000
0.001420
000
0.000231
000
0.001655
000
0.000221
000
0.001797
000
0.000215
000
0.000217
000
0.001573
000
0.001293
000
0.001459
000
0.000221
000
0.001657
000
0.001265
000
0.000194
000
0.000204
000
0.000197
000
0.001347
000
0.001429
000
0.001286
000
0.001426
000
0.001834
000
0.001286
000
0.000219
000
0.000255
000
0.001351
000
0.001291
000
0.000250
000
0.000199
000
0.001328
000
0.000222
000
0.000204
000
0.000198
000
0.001450
000
0.001280
000
0.001437
000
0.001453
000
0.000190
000
0.001653
000
0.001419
000
0.001471
000
0.001597
000
0.001362
000
0.000232
000
0.001334
000
0.001483
000
0.001437
000
0.001657
000
0.001500
000
0.001323
000
0.001445
000
0.001281
000
0.000210
000
0.001427
000
0.001464
000
0.001409
000
0.000218
000
0.000217
000
0.001380
000
0.001473
000
0.001290
000
0.001482
000
0.001586
000
0.001352
000
0.000187
000
0.001417
000
0.001554
000
0.001360
000
0.001511
000
0.000226
000
0.000195
000
0.000200
000
0.000194
000
0.000194
000
0.001436
000
0.001393
000
0.000244
000
0.001320
000
0.000202
000
0.000194
000
0.001292
000
0.000204
000
0.000199
000
0.001276
000
0.001485
000
0.001661
000
0.000221
000
0.001301
000
0.001623
000
0.001328
000
0.001417
000
0.001500
000
0.001268
000
0.002569
000
0.001737
000
0.001429
000
0.001305
000
0.001405
000
0.000196
000
0.001308
000
0.001556
000
0.000208
000
0.000222
000
0.003324
000
0.001294
000
0.003053
000
0.000295
000
0.000199
000
0.001308
000
0.001318
000
0.001536
000
0.003014
000
0.001482
000
0.001310
000
0.000216
000
0.000188
000
0.000199
000
0.000221
000
0.001415
000
0.001286
000
0.001547
000
0.001508
000
0.001412
000
0.001479
000
0.002935
000
0.001299
000
0.001379
000
0.001354
000
0.001367
000
0.001371
000
0.001367
000
0.010689
000
0.001404
000
0.001494
000
0.013628
000
0.001917
000
0.001281
000
0.000205
000
0.001457
000
0.001295
000
0.001421
000
0.001362
000
0.001556
000
0.001466
000
0.001420
000
0.001425
000
0.001448
000
0.001541
000
0.001337
000
0.001418
000
0.001418
000
0.001630
000
0.001301
000
0.001279
000
0.001709
000
0.000201
000
0.001316
000
0.001412
000
0.001553
000
0.001455
000
0.001462
000
0.001662
000
0.001324
000
0.001683
000
0.001279
000
0.001310
000
0.001307
000
0.001303
000
0.001591
000
0.001449
000
0.001673
000
0.001693
000
0.001450
000
0.001409
000
0.000234
000
0.001285
000
0.001415
000
0.001551
000
0.001280
000
0.001480
000
0.001436
000
0.001665
000
0.000265
000
0.001422
000
0.001410
000
0.001926
000
0.001417
000
0.001303
000
0.001416
000
0.001432
000
0.001449
000
0.002497
000
0.001467
000
0.001419
000
0.001474
000
0.001411
000
0.001406
000
0.001351
000
0.001408
000
0.000204
000
0.001317
000
0.001303
000
0.001305
000
0.001652
000
0.000211
000
0.001296
000
0.001773
000
0.001275
000
0.001463
000
0.001289
000
0.001460
000
0.001382
000
0.001413
000
0.001454
000
0.000234
000
0.001332
000
0.001322
000
0.002614
000
0.001292
000
0.001301
000
0.001684
000
0.001303
000
0.001567
000
0.000227
000
0.001319
000
0.001503
000
0.001467
000
0.000198
000
0.000227
000
0.001529
000
0.001270
000
0.000214
000
0.001438
000
0.001303
000
0.001490
000
0.001295
000
0.001356
000
0.001504
000
0.001282
000
0.001415
000
0.001306
000
0.001426
000
0.001686
000
0.001305
000
0.001296
000
0.001304
000
0.001271
000
0.002504
000
0.001457
000
0.001284
000
0.000291
000
0.001386
000
0.001420
000
0.001686
000
0.001305
000
0.000193
000
0.001278
000
0.001287
000
0.001330
000
0.001285
000
0.001371
000
0.001284
000
0.001356
000
0.001315
000
0.001464
000
0.000198
000
0.001432
000
0.001349
000
0.001424
000
0.001466
000
0.001317
000
0.001323
000
0.001332
000
0.001387
000
0.000202
000
0.001285
000
0.001400
000
0.001308
000
0.000193
000
0.000273
000
0.001348
000
0.001284
000
0.001306
000
0.001285
000
0.002431
000
0.000256
000
0.001673
000
0.001474
000
0.001323
000
0.000223
000
0.001333
000
0.001357
000
0.000355
000
0.001356
000
0.001449
000
0.001272
000
0.001304
000
0.001359
000
0.000293
000
0.000191
000
0.000207
000
0.001523
000
0.001368
000
0.001336
000
0.001438
000
0.001458
000
0.001512
000
0.001477
000
0.002855
000
0.001438
000
0.001303
000
0.001291
000
0.001472
000
0.001295
000
0.001337
000
0.001307
000
0.001457
000
0.001498
000
0.001449
000
0.000206
000
0.001295
000
0.000200
000
0.001381
000
0.001293
000
0.002911
000
0.001306
000
0.000201
000
0.001450
000
0.001303
000
0.000194
000
0.001455
000
0.000220
000
0.001355
000
0.001283
000
0.001404
000
0.000196
000
0.001303
000
0.001370
000
0.000215
000
0.001586
000
0.001526
000
0.001339
000
0.001359
000
0.001399
000
0.001639
000
0.001408
000
0.001877
000
0.002962
000
0.003320
000
0.001417
000
0.001311
000
0.001298
000
0.001305
000
0.001430
000
0.001317
000
0.001274
000
0.001428
000
0.000355
000
0.000220
000
0.000213
000
0.000216
000
0.001276
000
0.000217
000
0.001370
000
0.001884
000
0.001314
000
0.001541
000
0.000849
000
0.002416
000
0.001325
000
0.001311
000
0.001428
000
0.001432
000
0.001548
000
0.001428
000
0.001613
000
0.001742
000
0.001748
000
0.001302
000
0.001309
000
0.001288
000
0.001324
000
0.001425
000
0.002591
000
0.001608
000
0.001338
000
0.001470
000
0.001722
000
0.001413
000
0.000357
000
0.001398
000
0.001429
000
0.001759
000
0.000274
000
0.001634
000
0.001482
000
0.002904
000
0.002694
000
0.002440
000
0.001673
000
0.001565
000
0.002460
000
0.001523
000
0.001400
000
0.000213
000
0.001333
000
0.001306
000
0.001412
000
0.001346
000
0.001450
000
0.002123
000
0.001334
000
0.000271
000
0.001275
000
0.001378
000
0.001324
000
0.001443
000
0.001303
000
0.001307
000
0.000206
000
0.000201
000
0.001580
000
0.001383
000
0.000224
000
0.001277
000
0.001533
000
0.001294
000
0.001426
000
0.001427
000
0.001994
000
0.001450
000
0.001462
000
0.001441
000
0.001487
000
0.002699
000
0.001317
000
0.001630
000
0.001304
000
0.001411
000
0.001474
000
0.000230
000
0.001342
000
0.001318
000
0.001280
000
0.001295
000
0.001441
000
0.001431
000
0.001302
000
0.000200
000
0.001562
000
0.001495
000
0.001499
000
0.003743
000
0.001740
000
0.005718
000
0.002573
000
0.001543
000
0.001373
000
0.007697
000
0.001659
000
0.004822
000
0.000202
000
0.014966
000
0.006618
000
0.001411
000
0.001314
000
0.001418
000
0.001330
000
0.001425
000
0.001509
000
0.001318
000
0.001429
000
0.001451
000
0.001293
000
0.001380
000
0.001512
000
0.001360
000
0.013214
000
0.001880
000
0.003303
000
0.004917
000
0.002423
000
0.001483
000
0.001379
000
0.001444
000
0.001470
000
0.000207
000
0.000201
000
0.001329
000
0.001301
000
0.000201
000
0.001327
000
0.000201
000
0.001518
000
0.001457
000
0.001463
000
0.002204
000
0.001383
000
0.001457
000
0.001390
000
0.000304
000
0.001351
000
0.001305
000
0.002135
000
0.001549
000
0.000189
000
0.001455
000
0.001464
000
0.001375
000
0.001271
000
0.001864
000
0.001355
000
0.001529
000
0.001374
000
0.001277
000
0.001507
000
0.002535
000
0.000188
000
0.001661
000
0.001301
000
0.001439
000
0.000251
000
0.000219
000
0.001296
000
0.000275
000
0.001356
000
0.001300
000
0.001398
000
0.001285
000
0.001427
000
0.000213
000
0.001410
000
0.001438
000
0.001429
000
0.001506
000
0.000203
000
0.001299
000
0.002600
000
0.001316
000
0.001372
000
0.000240
000
0.001289
000
0.002506
000
0.001333
000
0.001441
000
0.001379
000
0.001398
000
0.001609
000
0.002504
000
0.000305
000
0.001576
000
0.001325
000
0.001296
000
0.001499
000
0.001563
000
0.000218
000
0.001322
000
0.001298
000
0.001293
000
0.000194
000
0.000199
000
0.000214
000
0.001346
000
0.001303
000
0.001272
000
0.000247
000
0.001324
000
0.001459
000
0.001538
000
0.001562
000
0.000220
000
0.000216
000
0.001390
000
0.001314
000
0.000187
000
0.000203
000
0.001313
000
0.000232
000
0.001425
000
0.001464
000
0.001350
000
0.001358
000
0.001681
000
0.001356
000
0.000216
000
0.001327
000
0.001359
000
0.001625
000
0.001317
000
0.000228
000
0.001327
000
0.001394
000
0.001302
000
0.000351
000
0.001332
000
0.000357
000
0.001394
000
0.000217
000
0.000215
000
0.001494
000
0.003790
000
0.001342
000
0.001444
000
0.001375
000
0.001383
000
0.000210
000
0.001349
000
0.001652
000
0.001305
000
0.001414
000
0.001393
000
0.001303
000
0.001331
000
0.001294
000
0.000219
000
0.001403
000
0.001469
000
0.001295
000
0.001436
000
0.001440
000
0.001668
000
0.001317
000
0.001350
000
0.001290
000
0.001302
000
0.001428
000
0.001451
000
0.001439
000
0.001306
000
0.001419
000
0.001480
000
0.001466
000
0.000256
000
0.001291
000
0.002018
000
0.000202
000
0.000194
000
0.001297
000
0.001289
000
0.001473
000
0.001318
000
0.001659
000
0.001278
000
0.001430
000
0.001777
000
0.001603
000
0.001551
000
0.000233
000
0.001282
000
0.001450
000
0.001319
000
0.001443
000
0.001406
000
0.000207
000
0.001437
000
0.001307
000
0.000213
000
0.001318
000
0.000205
000
0.001284
000
0.000199
000
0.001279
000
0.001346
000
0.001438
000
0.001281
000
0.001334
000
0.001315
000
0.000293
000
0.001291
000
0.001299
000
0.003085
